a<-50
b<-3